0.06557639379064756 0.5792056102829701 0.41273963991220347 1.5707963267948966
5 5 5
0.21053062803892142 0.4143227282347133 0.670117162809053 0.17848672207914992
0.081865438012996 0.7840440176196599 0.6285266114751803 0.6220911802002744
0.6342458346542708 0.29031829516299357 0.4486428198179435 0.23454067871762052
0.578552336463997 0.6997483457633952 0.6574766101423856 0.7649001724330466
0.6682922741531985 0.8195598454160512 0.5898322081716084 0.08334326431062261
0.8680659675184256 0.3490286952715682 0.08452758018640225
0.10624965215735385 0.37117851229005294 0.09507404791964245
0.6561614544597207 0.6726768434482187 0.08741912873218292
0.7985648102797537 0.18631288801026874 0.0735923687796005
0.3393192309447786 0.7227445945091712 0.06935675542432193
0.2010041663426154 0.346601688003524 0.3424592825695655 0.1613609462603318
0.8406166635769126 0.2409268693870324 0.9300128123697579 0.17866132597611042
0.8952587909245161 0.1342933219717939 0.9574715084846952 0.08155277648272305
0.1003313603569398 0.5722120542346641 0.22826380196898566 0.494000832877286
0.402965813796463 0.5420372099759045 0.5686014149658598 0.36577291885215774